49
49
361

0
4
10
16
22
28
34
38
44
53
62
71
80
89
95
101
110
119
128
137
146
152
158
167
176
185
194
203
209
215
224
233
242
251
260
266
272
281
290
299
308
317
323
327
333
339
345
351
357
361

0
1
7
8
0
1
2
7
8
9
1
2
3
8
9
10
2
3
4
9
10
11
3
4
5
10
11
12
4
5
6
11
12
13
5
6
12
13
0
1
7
8
14
15
0
1
2
7
8
9
14
15
16
1
2
3
8
9
10
15
16
17
2
3
4
9
10
11
16
17
18
3
4
5
10
11
12
17
18
19
4
5
6
11
12
13
18
19
20
5
6
12
13
19
20
7
8
14
15
21
22
7
8
9
14
15
16
21
22
23
8
9
10
15
16
17
22
23
24
9
10
11
16
17
18
23
24
25
10
11
12
17
18
19
24
25
26
11
12
13
18
19
20
25
26
27
12
13
19
20
26
27
14
15
21
22
28
29
14
15
16
21
22
23
28
29
30
15
16
17
22
23
24
29
30
31
16
17
18
23
24
25
30
31
32
17
18
19
24
25
26
31
32
33
18
19
20
25
26
27
32
33
34
19
20
26
27
33
34
21
22
28
29
35
36
21
22
23
28
29
30
35
36
37
22
23
24
29
30
31
36
37
38
23
24
25
30
31
32
37
38
39
24
25
26
31
32
33
38
39
40
25
26
27
32
33
34
39
40
41
26
27
33
34
40
41
28
29
35
36
42
43
28
29
30
35
36
37
42
43
44
29
30
31
36
37
38
43
44
45
30
31
32
37
38
39
44
45
46
31
32
33
38
39
40
45
46
47
32
33
34
39
40
41
46
47
48
33
34
40
41
47
48
35
36
42
43
35
36
37
42
43
44
36
37
38
43
44
45
37
38
39
44
45
46
38
39
40
45
46
47
39
40
41
46
47
48
40
41
47
48

20.000000000000
-4.000000000000
-4.000000000000
-1.000000000000
-4.000000000000
20.000000000000
-4.000000000000
-1.000000000000
-4.000000000000
-1.000000000000
-4.000000000000
20.000000000000
-4.000000000000
-1.000000000000
-4.000000000000
-1.000000000000
-4.000000000000
20.000000000000
-4.000000000000
-1.000000000000
-4.000000000000
-1.000000000000
-4.000000000000
20.000000000000
-4.000000000000
-1.000000000000
-4.000000000000
-1.000000000000
-4.000000000000
20.000000000000
-4.000000000000
-1.000000000000
-4.000000000000
-1.000000000000
-4.000000000000
20.000000000000
-1.000000000000
-4.000000000000
-4.000000000000
-1.000000000000
20.000000000000
-4.000000000000
-4.000000000000
-1.000000000000
-1.000000000000
-4.000000000000
-1.000000000000
-4.000000000000
20.000000000000
-4.000000000000
-1.000000000000
-4.000000000000
-1.000000000000
-1.000000000000
-4.000000000000
-1.000000000000
-4.000000000000
20.000000000000
-4.000000000000
-1.000000000000
-4.000000000000
-1.000000000000
-1.000000000000
-4.000000000000
-1.000000000000
-4.000000000000
20.000000000000
-4.000000000000
-1.000000000000
-4.000000000000
-1.000000000000
-1.000000000000
-4.000000000000
-1.000000000000
-4.000000000000
20.000000000000
-4.000000000000
-1.000000000000
-4.000000000000
-1.000000000000
-1.000000000000
-4.000000000000
-1.000000000000
-4.000000000000
20.000000000000
-4.000000000000
-1.000000000000
-4.000000000000
-1.000000000000
-1.000000000000
-4.000000000000
-4.000000000000
20.000000000000
-1.000000000000
-4.000000000000
-4.000000000000
-1.000000000000
20.000000000000
-4.000000000000
-4.000000000000
-1.000000000000
-1.000000000000
-4.000000000000
-1.000000000000
-4.000000000000
20.000000000000
-4.000000000000
-1.000000000000
-4.000000000000
-1.000000000000
-1.000000000000
-4.000000000000
-1.000000000000
-4.000000000000
20.000000000000
-4.000000000000
-1.000000000000
-4.000000000000
-1.000000000000
-1.000000000000
-4.000000000000
-1.000000000000
-4.000000000000
20.000000000000
-4.000000000000
-1.000000000000
-4.000000000000
-1.000000000000
-1.000000000000
-4.000000000000
-1.000000000000
-4.000000000000
20.000000000000
-4.000000000000
-1.000000000000
-4.000000000000
-1.000000000000
-1.000000000000
-4.000000000000
-1.000000000000
-4.000000000000
20.000000000000
-4.000000000000
-1.000000000000
-4.000000000000
-1.000000000000
-1.000000000000
-4.000000000000
-4.000000000000
20.000000000000
-1.000000000000
-4.000000000000
-4.000000000000
-1.000000000000
20.000000000000
-4.000000000000
-4.000000000000
-1.000000000000
-1.000000000000
-4.000000000000
-1.000000000000
-4.000000000000
20.000000000000
-4.000000000000
-1.000000000000
-4.000000000000
-1.000000000000
-1.000000000000
-4.000000000000
-1.000000000000
-4.000000000000
20.000000000000
-4.000000000000
-1.000000000000
-4.000000000000
-1.000000000000
-1.000000000000
-4.000000000000
-1.000000000000
-4.000000000000
20.000000000000
-4.000000000000
-1.000000000000
-4.000000000000
-1.000000000000
-1.000000000000
-4.000000000000
-1.000000000000
-4.000000000000
20.000000000000
-4.000000000000
-1.000000000000
-4.000000000000
-1.000000000000
-1.000000000000
-4.000000000000
-1.000000000000
-4.000000000000
20.000000000000
-4.000000000000
-1.000000000000
-4.000000000000
-1.000000000000
-1.000000000000
-4.000000000000
-4.000000000000
20.000000000000
-1.000000000000
-4.000000000000
-4.000000000000
-1.000000000000
20.000000000000
-4.000000000000
-4.000000000000
-1.000000000000
-1.000000000000
-4.000000000000
-1.000000000000
-4.000000000000
20.000000000000
-4.000000000000
-1.000000000000
-4.000000000000
-1.000000000000
-1.000000000000
-4.000000000000
-1.000000000000
-4.000000000000
20.000000000000
-4.000000000000
-1.000000000000
-4.000000000000
-1.000000000000
-1.000000000000
-4.000000000000
-1.000000000000
-4.000000000000
20.000000000000
-4.000000000000
-1.000000000000
-4.000000000000
-1.000000000000
-1.000000000000
-4.000000000000
-1.000000000000
-4.000000000000
20.000000000000
-4.000000000000
-1.000000000000
-4.000000000000
-1.000000000000
-1.000000000000
-4.000000000000
-1.000000000000
-4.000000000000
20.000000000000
-4.000000000000
-1.000000000000
-4.000000000000
-1.000000000000
-1.000000000000
-4.000000000000
-4.000000000000
20.000000000000
-1.000000000000
-4.000000000000
-4.000000000000
-1.000000000000
20.000000000000
-4.000000000000
-4.000000000000
-1.000000000000
-1.000000000000
-4.000000000000
-1.000000000000
-4.000000000000
20.000000000000
-4.000000000000
-1.000000000000
-4.000000000000
-1.000000000000
-1.000000000000
-4.000000000000
-1.000000000000
-4.000000000000
20.000000000000
-4.000000000000
-1.000000000000
-4.000000000000
-1.000000000000
-1.000000000000
-4.000000000000
-1.000000000000
-4.000000000000
20.000000000000
-4.000000000000
-1.000000000000
-4.000000000000
-1.000000000000
-1.000000000000
-4.000000000000
-1.000000000000
-4.000000000000
20.000000000000
-4.000000000000
-1.000000000000
-4.000000000000
-1.000000000000
-1.000000000000
-4.000000000000
-1.000000000000
-4.000000000000
20.000000000000
-4.000000000000
-1.000000000000
-4.000000000000
-1.000000000000
-1.000000000000
-4.000000000000
-4.000000000000
20.000000000000
-1.000000000000
-4.000000000000
-4.000000000000
-1.000000000000
20.000000000000
-4.000000000000
-1.000000000000
-4.000000000000
-1.000000000000
-4.000000000000
20.000000000000
-4.000000000000
-1.000000000000
-4.000000000000
-1.000000000000
-4.000000000000
20.000000000000
-4.000000000000
-1.000000000000
-4.000000000000
-1.000000000000
-4.000000000000
20.000000000000
-4.000000000000
-1.000000000000
-4.000000000000
-1.000000000000
-4.000000000000
20.000000000000
-4.000000000000
-1.000000000000
-4.000000000000
-1.000000000000
-4.000000000000
20.000000000000
-4.000000000000
-1.000000000000
-4.000000000000
-4.000000000000
20.000000000000
